6,mk_token(1),100.6,9.7
11,mk_token(2),100,9.9
16,mk_token(3),98.7,10.3
21,mk_token(4),100.4,10.1
26,mk_token(5),101.2,10.6
31,mk_token(6),98,10.5
36,mk_token(7),100.4,9.6
41,mk_token(8),99.2,10.1
46,mk_token(9),100.3,10
51,mk_token(10),99.5,10.2
56,mk_token(11),100.4,10.4
61,mk_token(12),100.2,10.1
66,mk_token(13),98.6,10.6
71,mk_token(14),97.8,9.7
76,mk_token(15),99.8,9.9
81,mk_token(16),100.6,9.5
86,mk_token(17),99.8,10.4
91,mk_token(18),100.1,10.4
96,mk_token(19),101.7,9.8
101,mk_token(20),100.9,10
106,mk_token(21),103,10.4
111,mk_token(22),98.3,9.7
116,mk_token(23),98.8,9.8
121,mk_token(24),100.8,9.9
126,mk_token(25),99.6,10
131,mk_token(26),101.7,10.3
136,mk_token(27),99.6,9.9
141,mk_token(28),99.2,10.1
146,mk_token(29),99.5,10.3
151,mk_token(30),100.3,9.6
156,mk_token(31),98.9,10.1
161,mk_token(32),102.9,10
166,mk_token(33),100.1,9.9
171,mk_token(34),99.5,9.6
176,mk_token(35),99.4,10.1
181,mk_token(36),100.6,10.1
186,mk_token(37),101.6,9.8
191,mk_token(38),100.1,10.3
196,mk_token(39),100.9,10.2
201,mk_token(40),98.1,9.9
206,mk_token(41),99.7,10.1
211,mk_token(42),98.9,10.3
216,mk_token(43),100.8,9.8
221,mk_token(44),99.7,10.5
226,mk_token(45),100.3,10.6
231,mk_token(46),99.7,10
236,mk_token(47),99.3,9.9
241,mk_token(48),99.8,9.9
246,mk_token(49),101.4,10.1
251,mk_token(50),99.1,9.5
256,mk_token(51),99.6,9.8
261,mk_token(52),101,9.5
266,mk_token(53),99.8,10.5
271,mk_token(54),100.6,10.2
276,mk_token(55),100.8,9.6
281,mk_token(56),99,9.9
286,mk_token(57),99.4,10
291,mk_token(58),99.8,10.1
296,mk_token(59),98.9,10.1
301,mk_token(60),101.5,9.9
306,mk_token(61),99.8,10.2
311,mk_token(62),99.7,10
316,mk_token(63),98.1,10.3
321,mk_token(64),101.5,10.1
326,mk_token(65),99.9,9.9
331,mk_token(66),100.1,10
336,mk_token(67),99.9,10.2
341,mk_token(68),101.3,9.7
346,mk_token(69),101.2,10
351,mk_token(70),98.6,9.9
356,mk_token(71),103,10.1
361,mk_token(72),100.1,9.6
366,mk_token(73),100.3,9.9
371,mk_token(74),99.5,10.3
376,mk_token(75),99.3,10.2
381,mk_token(76),98.9,10.2
386,mk_token(77),99.1,9.9
391,mk_token(78),101.8,10
396,mk_token(79),99,10.4
401,mk_token(80),99,9.8
406,mk_token(81),100.2,9.9
411,mk_token(82),101.6,10
416,mk_token(83),100.4,10.1
421,mk_token(84),102.6,9.4
426,mk_token(85),101,10
431,mk_token(86),100.7,10
436,mk_token(87),100.9,10.5
441,mk_token(88),101.4,10
446,mk_token(89),100,9.7
451,mk_token(90),100.2,10.2
456,mk_token(91),99.3,10.1
461,mk_token(92),98.4,10
466,mk_token(93),99.2,9.7
471,mk_token(94),100.9,10.2
476,mk_token(95),99.2,9.8
481,mk_token(96),101.5,10.4
486,mk_token(97),99.6,9.6
491,mk_token(98),100.6,10.3
496,mk_token(99),99.8,10.1
501,mk_token(100),100.3,10.3
